// General information: 
//  MT Manager version: 2022.2.0 
//  XDA version: 2022.2.0 build 7381 rev 124627 built on 2023-07-19
// Device information: 
//  DeviceId: 00B4BCF6
//  ProductCode: MTW2-3A7G6
//  Firmware Version: 4.6.0
//  Hardware Version: 2.0.0
// Device settings: 
//  Filter Profile: human(46.1)
//  Option Flags: Orientation Smoother Disabled, Position/Velocity Smoother Disabled, Continuous Zero Rotation Update Disabled, AHS Disabled, ICC Disabled
// Coordinate system: ENU
PacketCounter	SampleTimeFine	Acc_X	Acc_Y	Acc_Z	Gyr_X	Gyr_Y	Gyr_Z	Mag_X	Mag_Y	Mag_Z	Roll	Pitch	Yaw
47926		-5.984457	2.459850	7.456963	-0.002505	0.004686	-0.005073	0.174561	0.348389	-0.379639	18.218164	37.323704	-86.833107
47927		-5.970163	2.471001	7.427748	-0.003718	0.007802	-0.002936	0.160889	0.347412	-0.379150	18.219384	37.324736	-86.831324
47928		-5.985447	2.458945	7.456466	-0.004692	0.002319	-0.001061	0.167969	0.352051	-0.379639	18.220211	37.322396	-86.830298
47929		-5.987077	2.452627	7.432700	-0.000954	0.003657	-0.006278	0.169189	0.360596	-0.371826	18.221062	37.321771	-86.831735
47930		-5.986261	2.457927	7.456148	-0.006767	0.006483	-0.003732	0.167236	0.353516	-0.371338	18.219733	37.322413	-86.830932
47931		-5.955071	2.446996	7.406292	-0.004487	0.006242	-0.006274	0.174072	0.350830	-0.372559	18.218914	37.323194	-86.831785
47932		-6.006889	2.466714	7.429094	-0.001683	0.002868	-0.004941	0.176025	0.349609	-0.378174	18.219689	37.322130	-86.831503
47933		-5.986939	2.416843	7.440119	-0.003235	0.003899	-0.003737	0.169434	0.348633	-0.378662	18.220321	37.321182	-86.831148
47934		-5.973217	2.467294	7.426525	-0.004394	0.003634	-0.004803	0.169922	0.346436	-0.377441	18.220081	37.320321	-86.831035
47935		-5.970224	2.439165	7.458260	-0.003235	0.003899	-0.003737	0.174316	0.343750	-0.379639	18.220712	37.319372	-86.830679
47936		-5.986890	2.421209	7.463257	-0.002169	0.006774	-0.004141	0.165527	0.353760	-0.372314	18.222608	37.320027	-86.829550
47937		-5.955195	2.455903	7.452354	-0.000280	0.007829	-0.004412	0.163330	0.347656	-0.371338	18.225190	37.321338	-86.828771
47938		-6.009659	2.463818	7.427815	-0.007443	0.002314	-0.005600	0.169189	0.345703	-0.375732	18.222104	37.320006	-86.830585
47939		-5.974303	2.470720	7.449077	-0.002468	0.005460	-0.000400	0.168457	0.338379	-0.381104	18.224772	37.319310	-86.827595
47940		-5.957763	2.448479	7.428190	-0.004395	0.003635	-0.004804	0.176025	0.346924	-0.378906	18.224690	37.318291	-86.828403
47941		-5.958991	2.487259	7.443473	-0.004058	0.005720	-0.003871	0.168945	0.352051	-0.377686	18.225043	37.318357	-86.827729
47942		-5.976913	2.463359	7.424857	-0.003235	0.003900	-0.003738	0.174316	0.339600	-0.376465	18.225904	37.317462	-86.826857
47943		-5.977364	2.462861	7.424660	-0.004058	0.005721	-0.003872	0.167725	0.351318	-0.376709	18.226257	37.317530	-86.826183
47944		-5.992827	2.450642	7.453272	-0.004881	0.007541	-0.004005	0.173340	0.355469	-0.374512	18.226642	37.318624	-86.824757
47945		-5.993390	2.450170	7.452974	-0.001347	0.004956	-0.004008	0.174805	0.343994	-0.377441	18.228388	37.318300	-86.824348
47946		-5.960650	2.445412	7.426885	-0.005124	0.002846	-0.003468	0.168945	0.350342	-0.377930	18.228123	37.316866	-86.822786
47947		-5.979279	2.460895	7.423769	-0.001347	0.004957	-0.004009	0.171631	0.354248	-0.376953	18.229869	37.316543	-86.822377
47948		-5.978482	2.466332	7.447179	-0.004059	0.005722	-0.003872	0.174805	0.352539	-0.376953	18.230190	37.316710	-86.821660
47949		-5.996387	2.442505	7.428527	-0.002076	0.004167	-0.002672	0.168945	0.342529	-0.375977	18.231965	37.315716	-86.820515
47950		-5.962379	2.443530	7.426116	-0.007106	0.004402	-0.004670	0.168701	0.348633	-0.378174	18.230297	37.315271	-86.820068
47951		-5.977788	2.431111	7.454831	-0.004489	0.006249	-0.006277	0.167236	0.353760	-0.368408	18.229478	37.316056	-86.820920
47952		-5.963519	2.442216	7.425633	-0.002171	0.006779	-0.004143	0.164795	0.347412	-0.374512	18.230757	37.316909	-86.820110
47953		-5.980911	2.463625	7.446124	-0.002413	0.002082	-0.003606	0.168945	0.342529	-0.367676	18.231666	37.314949	-86.820074
47954		-5.997444	2.445422	7.451272	-0.005984	0.003900	-0.008279	0.167480	0.347656	-0.374023	18.228848	37.314912	-86.822681
47955		-5.966859	2.473903	7.417031	-0.004789	0.004932	-0.002536	0.174805	0.344971	-0.384766	18.229229	37.314311	-86.821271
47956		-5.950363	2.451503	7.396145	-0.005219	0.005459	-0.004941	0.173340	0.351074	-0.382324	18.228781	37.314381	-86.821426
47957		-5.998796	2.443462	7.450827	-0.005125	0.002848	-0.003471	0.179932	0.349365	-0.373291	18.228298	37.312813	-86.821125
47958		-5.984320	2.454575	7.421800	-0.004060	0.005724	-0.003874	0.169189	0.350586	-0.375244	18.228999	37.313012	-86.818791
47959		-5.983432	2.459823	7.445355	-0.004731	0.001554	-0.005742	0.169189	0.346680	-0.379639	18.227623	37.311147	-86.820334
47960		-5.966771	2.437444	7.424588	-0.003236	0.003904	-0.003740	0.171631	0.354248	-0.373291	18.228340	37.310225	-86.820261
47961		-5.969462	2.470206	7.416169	-0.008026	0.008838	-0.006277	0.166504	0.350342	-0.375488	18.225849	37.312420	-86.820529
47962		-5.983699	2.463673	7.468450	-0.000954	0.003667	-0.006280	0.168945	0.357910	-0.368408	18.226525	37.311968	-86.821774
47963		-5.985398	2.457336	7.444597	-0.004790	0.004934	-0.002537	0.175537	0.352295	-0.375732	18.226906	37.311369	-86.820364
47964		-5.970963	2.468450	7.415545	-0.003667	0.004432	-0.006146	0.165527	0.349121	-0.375732	18.226135	37.311456	-86.820109
47965		-5.970200	2.473645	7.439027	-0.005220	0.005462	-0.004943	0.169434	0.357666	-0.371338	18.225344	37.311574	-86.820225
47966		-5.969892	2.433627	7.423332	-0.005220	0.005462	-0.004943	0.165283	0.349121	-0.377686	18.224241	37.311875	-86.820447
47967		-5.990885	2.482534	7.411855	-0.001838	0.008868	-0.003209	0.164795	0.345215	-0.376465	18.226571	37.313537	-86.818609
47968		-5.969965	2.438360	7.446294	-0.007203	0.007020	-0.006146	0.167236	0.341553	-0.374268	18.224343	37.314666	-86.820586
47969		-5.975139	2.459461	7.390571	-0.000954	0.003669	-0.006281	0.171875	0.346924	-0.375977	18.225196	37.314049	-86.822023
47970		-5.973214	2.470554	7.437635	-0.005316	0.008077	-0.006415	0.171875	0.338867	-0.370605	18.224381	37.315858	-86.822382
47971		-5.973947	2.469841	7.437283	-0.006440	0.008578	-0.002807	0.173096	0.349365	-0.377441	18.224202	37.317290	-86.820335
47972		-5.975930	2.463354	7.413238	-0.004157	0.008342	-0.005347	0.170654	0.351318	-0.376953	18.224637	37.319116	-86.818933
47973		-5.973231	2.435043	7.444760	-0.006775	0.006494	-0.003742	0.167236	0.343506	-0.380615	18.223593	37.319581	-86.817995
47974		-6.010355	2.466178	7.438577	-0.004491	0.006258	-0.006282	0.169922	0.350098	-0.371582	18.222959	37.320325	-86.819481
47975		-5.958433	2.451102	7.438977	-0.006141	0.009901	-0.006550	0.172607	0.357666	-0.377686	18.221579	37.323148	-86.819697
47976		-5.992384	2.454588	7.464476	-0.004887	0.007551	-0.004011	0.162354	0.349365	-0.366943	18.221506	37.324446	-86.817982
47977		-5.975815	2.432320	7.443577	-0.002413	0.002087	-0.003609	0.167480	0.348389	-0.377441	18.222415	37.322489	-86.817946
47978		-6.014096	2.457587	7.413795	-0.007634	0.007554	-0.008555	0.169434	0.348877	-0.367920	18.218783	37.324497	-86.820743
47979		-5.964125	2.476068	7.406164	-0.003634	0.005201	-0.001472	0.174316	0.351074	-0.380859	18.220305	37.323852	-86.818543
47980		-5.961289	2.447892	7.437746	-0.004492	0.006260	-0.006283	0.169922	0.346924	-0.371826	18.219569	37.324796	-86.818483
47981		-5.978078	2.429673	7.442624	-0.004888	0.007553	-0.004012	0.163818	0.354492	-0.376465	18.219639	37.325886	-86.817491
47982		-5.961261	2.452528	7.460847	-0.002509	0.004703	-0.005080	0.173828	0.344482	-0.378174	18.220051	37.325721	-86.818336
47983		-6.017055	2.454471	7.412427	-0.006872	0.009112	-0.005216	0.172363	0.345947	-0.375732	18.218698	37.327875	-86.817817
47984		-5.981986	2.461107	7.433716	-0.005159	0.002091	-0.008154	0.165283	0.348877	-0.378174	18.216607	37.326741	-86.820104
47985		-5.965357	2.438748	7.412884	-0.001350	0.004968	-0.004011	0.166992	0.353027	-0.375000	18.218352	37.326424	-86.819693
47986		-5.983018	2.459791	7.433321	-0.007635	0.007558	-0.008558	0.177246	0.349609	-0.370605	18.214791	37.328363	-86.822896
47987		-5.983619	2.458997	7.433100	-0.004793	0.004939	-0.002542	0.168213	0.348389	-0.375732	18.215168	37.327768	-86.821488
47988		-6.000355	2.440857	7.437975	-0.004160	0.008349	-0.005350	0.169678	0.349609	-0.375000	18.215357	37.329707	-86.819868
47989		-5.982721	2.424284	7.440651	-0.005223	0.005470	-0.004949	0.165527	0.348389	-0.375732	18.214562	37.329832	-86.819986
47990		-5.969162	2.474769	7.427177	-0.003239	0.003912	-0.003745	0.168457	0.349854	-0.375488	18.215157	37.328939	-86.820135
47991		-5.984611	2.462416	7.455792	-0.006049	0.007293	-0.005084	0.171631	0.346191	-0.370850	18.214082	37.330080	-86.819935
47992		-6.002498	2.438403	7.437051	-0.003239	0.003912	-0.003745	0.173584	0.354980	-0.378662	18.214784	37.329263	-86.819008
47993		-5.969455	2.478730	7.450262	-0.006381	0.005208	-0.006020	0.171143	0.348877	-0.371094	18.212845	37.329436	-86.819918
47994		-5.988649	2.448792	7.407797	-0.002606	0.007324	-0.006552	0.172363	0.354492	-0.373779	18.213163	37.331031	-86.819747
47995		-5.954866	2.449879	7.405303	-0.005621	0.006763	-0.002679	0.163574	0.354004	-0.375244	18.213259	37.331453	-86.818020
47996		-6.005967	2.430077	7.412369	-0.004065	0.005736	-0.003880	0.174561	0.350586	-0.380127	18.213293	37.331699	-86.817575
47997		-5.987858	2.458802	7.454378	-0.003239	0.003913	-0.003746	0.160645	0.354004	-0.376221	18.213921	37.330761	-86.817221
47998		-5.969990	2.442331	7.457212	-0.005953	0.004678	-0.003615	0.168457	0.351074	-0.374512	18.213034	37.330237	-86.817593
47999		-6.008281	2.467716	7.427354	-0.003336	0.006531	-0.005217	0.168945	0.347412	-0.372314	18.213353	37.330987	-86.817657
48000		-5.970903	2.441180	7.456858	-0.004301	0.001033	-0.003346	0.172607	0.347168	-0.377197	18.213109	37.328526	-86.817541
48001		-5.991795	2.444991	7.406509	-0.002413	0.002091	-0.003612	0.168457	0.350586	-0.377686	18.214016	37.326573	-86.817505
48002		-5.974696	2.467998	7.424981	-0.002413	0.002092	-0.003612	0.164795	0.344238	-0.373291	18.215111	37.324638	-86.817489
48003		-5.956706	2.451654	7.427871	-0.005525	0.004147	-0.001209	0.167725	0.346436	-0.371826	18.215514	37.323373	-86.815346
48004		-5.957017	2.451268	7.427749	-0.002811	0.003383	-0.001340	0.163330	0.353271	-0.367188	18.217341	37.321753	-86.813911
48005		-5.991768	2.449212	7.429765	-0.003240	0.003915	-0.003747	0.169922	0.339844	-0.375977	18.217969	37.320816	-86.813557
48006		-5.975995	2.466249	7.424516	-0.006683	0.003885	-0.002280	0.166748	0.349365	-0.370361	18.217176	37.319695	-86.812351
48007		-5.977486	2.459996	7.400746	-0.001255	0.002355	-0.002541	0.172363	0.347900	-0.376953	18.219227	37.317693	-86.811524
48008		-5.974430	2.431911	7.432442	-0.002842	0.002625	-0.006019	0.160156	0.352295	-0.376465	18.219004	37.316575	-86.812635
48009		-5.973406	2.437364	7.456102	-0.001158	-0.000263	-0.001071	0.170654	0.356201	-0.382324	18.221364	37.312885	-86.811391
48010		-5.977003	2.464497	7.424287	-0.005985	0.003922	-0.008295	0.172607	0.348389	-0.372070	18.218226	37.312764	-86.816000
48011		-5.977446	2.463720	7.424188	-0.004398	0.003653	-0.004818	0.173584	0.348877	-0.372070	18.217709	37.311876	-86.816439
48012		-5.976591	2.469003	7.447771	-0.003970	0.003121	-0.002411	0.166748	0.351318	-0.367188	18.218539	37.310483	-86.813538
48013		-5.958716	2.452540	7.450606	-0.005225	0.005477	-0.004953	0.174316	0.352783	-0.379639	18.217741	37.310612	-86.813659
48014		-5.978655	2.461982	7.423791	-0.004398	0.003654	-0.004818	0.165771	0.350342	-0.370605	18.217121	37.309927	-86.813315
48015		-5.992770	2.455409	7.476185	-0.002842	0.002627	-0.006020	0.171143	0.343750	-0.381348	18.216857	37.308696	-86.814807
48016		-5.993386	2.454847	7.475875	-0.003834	0.010445	-0.004416	0.169189	0.349609	-0.379639	18.217910	37.311432	-86.813801
